Line:		montrealOut
-310.0 	 412.0 	 1.0
-328.0 	 404.0 	 1.0
-339.0 	 392.0 	 1.0
-346.0 	 380.0 	 1.0
-349.0 	 365.0 	 1.0
-347.0 	 350.0 	 1.0
-358.0 	 351.0 	 1.0
-374.0 	 349.0 	 1.0
-390.0 	 341.0 	 1.0
-401.0 	 330.0 	 1.0
-409.0 	 315.0 	 1.0
-411.0 	 297.0 	 1.0
-407.0 	 282.0 	 1.0
-400.0 	 269.0 	 1.0
-391.0 	 261.0 	 1.0
-387.0 	 258.0 	 1.0
-401.0 	 244.0 	 1.0
-407.0 	 231.0 	 1.0
-410.0 	 220.0 	 1.0
-411.0 	 208.0 	 1.0
-408.0 	 195.0 	 1.0
-401.0 	 184.0 	 1.0
-393.0 	 175.0 	 1.0
-382.0 	 168.0 	 1.0
-369.0 	 164.0 	 1.0
-359.0 	 163.0 	 1.0
-347.0 	 164.0 	 1.0
-349.0 	 149.0 	 1.0
-346.0 	 135.0 	 1.0
-340.0 	 124.0 	 1.0
-335.0 	 117.0 	 1.0
-328.0 	 111.0 	 1.0
-321.0 	 106.0 	 1.0
-309.0 	 102.0 	 1.0
-300.0 	 101.0 	 1.0
-291.0 	 101.0 	 1.0
-280.0 	 104.0 	 1.0
-268.0 	 110.0 	 1.0
-260.0 	 117.0 	 1.0
-254.0 	 124.0 	 1.0
-247.0 	 116.0 	 1.0
-238.0 	 108.0 	 1.0
-225.0 	 102.0 	 1.0
-215.0 	 101.0 	 1.0
-202.0 	 101.0 	 1.0
-190.0 	 105.0 	 1.0
-179.0 	 111.0 	 1.0
-170.0 	 120.0 	 1.0
-164.0 	 131.0 	 1.0
-160.0 	 142.0 	 1.0
-160.0 	 155.0 	 1.0
-161.0 	 164.0 	 1.0
-153.0 	 163.0 	 1.0
-139.0 	 163.0 	 1.0
-126.0 	 168.0 	 1.0
-114.0 	 176.0 	 1.0
-106.0 	 186.0 	 1.0
-101.0 	 196.0 	 1.0
-98.0 	 207.0 	 1.0
-98.0 	 222.0 	 1.0
-103.0 	 235.0 	 1.0
-110.0 	 246.0 	 1.0
-117.0 	 253.0 	 1.0
-122.0 	 256.0 	 1.0
-113.0 	 264.0 	 1.0
-104.0 	 276.0 	 1.0
-99.0 	 288.0 	 1.0
-97.0 	 303.0 	 1.0
-100.0 	 316.0 	 1.0
-105.0 	 327.0 	 1.0
-112.0 	 336.0 	 1.0
-120.0 	 343.0 	 1.0
-130.0 	 348.0 	 1.0
-144.0 	 351.0 	 1.0
-154.0 	 351.0 	 1.0
-161.0 	 350.0 	 1.0
-159.0 	 362.0 	 1.0
-161.0 	 376.0 	 1.0
-166.0 	 388.0 	 1.0
-173.0 	 398.0 	 1.0
-182.0 	 405.0 	 1.0
-195.0 	 412.0 	 1.0
-211.0 	 414.0 	 1.0
-226.0 	 411.0 	 1.0
-237.0 	 406.0 	 1.0
-245.0 	 400.0 	 1.0
-254.0 	 390.0 	 1.0
-265.0 	 401.0 	 1.0
-278.0 	 409.0 	 1.0
-292.0 	 413.0 	 1.0
-301.0 	 414.0 	 1.0
-310.0 	 412.0 	 1.0
#
0 	 1 	 1.0
1 	 2 	 1.0
2 	 3 	 1.0
3 	 4 	 1.0
4 	 5 	 1.0
5 	 6 	 1.0
6 	 7 	 1.0
7 	 8 	 1.0
8 	 9 	 1.0
9 	 10 	 1.0
10 	 11 	 1.0
11 	 12 	 1.0
12 	 13 	 1.0
13 	 14 	 1.0
14 	 15 	 1.0
15 	 16 	 1.0
16 	 17 	 1.0
17 	 18 	 1.0
18 	 19 	 1.0
19 	 20 	 1.0
20 	 21 	 1.0
21 	 22 	 1.0
22 	 23 	 1.0
23 	 24 	 1.0
24 	 25 	 1.0
25 	 26 	 1.0
26 	 27 	 1.0
27 	 28 	 1.0
28 	 29 	 1.0
29 	 30 	 1.0
30 	 31 	 1.0
31 	 32 	 1.0
32 	 33 	 1.0
33 	 34 	 1.0
34 	 35 	 1.0
35 	 36 	 1.0
36 	 37 	 1.0
37 	 38 	 1.0
38 	 39 	 1.0
39 	 40 	 1.0
40 	 41 	 1.0
41 	 42 	 1.0
42 	 43 	 1.0
43 	 44 	 1.0
44 	 45 	 1.0
45 	 46 	 1.0
46 	 47 	 1.0
47 	 48 	 1.0
48 	 49 	 1.0
49 	 50 	 1.0
50 	 51 	 1.0
51 	 52 	 1.0
52 	 53 	 1.0
53 	 54 	 1.0
54 	 55 	 1.0
55 	 56 	 1.0
56 	 57 	 1.0
57 	 58 	 1.0
58 	 59 	 1.0
59 	 60 	 1.0
60 	 61 	 1.0
61 	 62 	 1.0
62 	 63 	 1.0
63 	 64 	 1.0
64 	 65 	 1.0
65 	 66 	 1.0
66 	 67 	 1.0
67 	 68 	 1.0
68 	 69 	 1.0
69 	 70 	 1.0
70 	 71 	 1.0
71 	 72 	 1.0
72 	 73 	 1.0
73 	 74 	 1.0
74 	 75 	 1.0
75 	 76 	 1.0
76 	 77 	 1.0
77 	 78 	 1.0
78 	 79 	 1.0
79 	 80 	 1.0
80 	 81 	 1.0
81 	 82 	 1.0
82 	 83 	 1.0
83 	 84 	 1.0
84 	 85 	 1.0
85 	 86 	 1.0
86 	 87 	 1.0
87 	 88 	 1.0
88 	 89 	 1.0
89 	 90 	 1.0
90 	 91 	 1.0
0 	 91 	 1.0
#
Line:		montreal1
-246.5 	 235.5 	 1.0
-242.5 	 243.5 	 1.0
-235.5 	 248.5 	 1.0
-227.5 	 249.5 	 1.0
-145.5 	 249.5 	 1.0
-133.5 	 245.5 	 1.0
-122.5 	 237.5 	 1.0
-116.5 	 226.5 	 1.0
-114.5 	 217.5 	 1.0
-115.5 	 204.5 	 1.0
-119.5 	 196.5 	 1.0
-125.5 	 188.5 	 1.0
-132.5 	 183.5 	 1.0
-141.5 	 180.5 	 1.0
-151.5 	 179.5 	 1.0
-161.5 	 181.5 	 1.0
-172.5 	 188.5 	 1.0
-178.5 	 193.5 	 1.0
-176.5 	 200.5 	 1.0
-178.5 	 210.5 	 1.0
-184.5 	 217.5 	 1.0
-191.5 	 221.5 	 1.0
-200.5 	 222.5 	 1.0
-208.5 	 219.5 	 1.0
-214.5 	 214.5 	 1.0
-218.5 	 204.5 	 1.0
-218.5 	 195.5 	 1.0
-214.5 	 188.5 	 1.0
-208.5 	 183.5 	 1.0
-199.5 	 180.5 	 1.0
-190.5 	 181.5 	 1.0
-183.5 	 175.5 	 1.0
-178.5 	 165.5 	 1.0
-176.5 	 155.5 	 1.0
-176.5 	 143.5 	 1.0
-181.5 	 133.5 	 1.0
-188.5 	 125.5 	 1.0
-198.5 	 119.5 	 1.0
-209.5 	 118.5 	 1.0
-220.5 	 118.5 	 1.0
-228.5 	 122.5 	 1.0
-235.5 	 128.5 	 1.0
-241.5 	 135.5 	 1.0
-245.5 	 146.5 	 1.0
-246.5 	 235.5 	 1.0
#
0 	 1 	 1.0
1 	 2 	 1.0
2 	 3 	 1.0
3 	 4 	 1.0
4 	 5 	 1.0
5 	 6 	 1.0
6 	 7 	 1.0
7 	 8 	 1.0
8 	 9 	 1.0
9 	 10 	 1.0
10 	 11 	 1.0
11 	 12 	 1.0
12 	 13 	 1.0
13 	 14 	 1.0
14 	 15 	 1.0
15 	 16 	 1.0
16 	 17 	 1.0
17 	 18 	 1.0
18 	 19 	 1.0
19 	 20 	 1.0
20 	 21 	 1.0
21 	 22 	 1.0
22 	 23 	 1.0
23 	 24 	 1.0
24 	 25 	 1.0
25 	 26 	 1.0
26 	 27 	 1.0
27 	 28 	 1.0
28 	 29 	 1.0
29 	 30 	 1.0
30 	 31 	 1.0
31 	 32 	 1.0
32 	 33 	 1.0
33 	 34 	 1.0
34 	 35 	 1.0
35 	 36 	 1.0
36 	 37 	 1.0
37 	 38 	 1.0
38 	 39 	 1.0
39 	 40 	 1.0
40 	 41 	 1.0
41 	 42 	 1.0
42 	 43 	 1.0
43 	 44 	 1.0
0 	 44 	 1.0
#
Line:		montreal2
-262.5 	 234.5 	 1.0
-262.5 	 149.5 	 1.0
-266.5 	 137.5 	 1.0
-272.5 	 128.5 	 1.0
-280.5 	 122.5 	 1.0
-288.5 	 118.5 	 1.0
-299.5 	 117.5 	 1.0
-308.5 	 119.5 	 1.0
-318.5 	 124.5 	 1.0
-325.5 	 130.5 	 1.0
-330.5 	 140.5 	 1.0
-332.5 	 151.5 	 1.0
-331.5 	 162.5 	 1.0
-326.5 	 172.5 	 1.0
-317.5 	 181.5 	 1.0
-311.5 	 179.5 	 1.0
-300.5 	 182.5 	 1.0
-294.5 	 187.5 	 1.0
-290.5 	 195.5 	 1.0
-289.5 	 204.5 	 1.0
-293.5 	 213.5 	 1.0
-299.5 	 219.5 	 1.0
-308.5 	 221.5 	 1.0
-317.5 	 221.5 	 1.0
-325.5 	 216.5 	 1.0
-329.5 	 210.5 	 1.0
-331.5 	 202.5 	 1.0
-330.5 	 194.5 	 1.0
-336.5 	 188.5 	 1.0
-344.5 	 182.5 	 1.0
-355.5 	 179.5 	 1.0
-364.5 	 179.5 	 1.0
-372.5 	 181.5 	 1.0
-380.5 	 186.5 	 1.0
-387.5 	 193.5 	 1.0
-392.5 	 202.5 	 1.0
-394.5 	 212.5 	 1.0
-393.5 	 222.5 	 1.0
-389.5 	 232.5 	 1.0
-384.5 	 239.5 	 1.0
-376.5 	 245.5 	 1.0
-368.5 	 248.5 	 1.0
-360.5 	 249.5 	 1.0
-277.5 	 249.5 	 1.0
-271.5 	 247.5 	 1.0
-266.5 	 243.5 	 1.0
-263.5 	 238.5 	 1.0
-262.5 	 234.5 	 1.0
#
0 	 1 	 1.0
1 	 2 	 1.0
2 	 3 	 1.0
3 	 4 	 1.0
4 	 5 	 1.0
5 	 6 	 1.0
6 	 7 	 1.0
7 	 8 	 1.0
8 	 9 	 1.0
9 	 10 	 1.0
10 	 11 	 1.0
11 	 12 	 1.0
12 	 13 	 1.0
13 	 14 	 1.0
14 	 15 	 1.0
15 	 16 	 1.0
16 	 17 	 1.0
17 	 18 	 1.0
18 	 19 	 1.0
19 	 20 	 1.0
20 	 21 	 1.0
21 	 22 	 1.0
22 	 23 	 1.0
23 	 24 	 1.0
24 	 25 	 1.0
25 	 26 	 1.0
26 	 27 	 1.0
27 	 28 	 1.0
28 	 29 	 1.0
29 	 30 	 1.0
30 	 31 	 1.0
31 	 32 	 1.0
32 	 33 	 1.0
33 	 34 	 1.0
34 	 35 	 1.0
35 	 36 	 1.0
36 	 37 	 1.0
37 	 38 	 1.0
38 	 39 	 1.0
39 	 40 	 1.0
40 	 41 	 1.0
41 	 42 	 1.0
42 	 43 	 1.0
43 	 44 	 1.0
44 	 45 	 1.0
45 	 46 	 1.0
46 	 47 	 1.0
0 	 47 	 1.0
#
Line:		montreal3
-273.5 	 266.5 	 1.0
-266.5 	 271.5 	 1.0
-263.5 	 278.5 	 1.0
-262.5 	 367.5 	 1.0
-266.5 	 379.5 	 1.0
-271.5 	 386.5 	 1.0
-279.5 	 393.5 	 1.0
-289.5 	 396.5 	 1.0
-299.5 	 397.5 	 1.0
-310.5 	 395.5 	 1.0
-319.5 	 390.5 	 1.0
-327.5 	 381.5 	 1.0
-331.5 	 370.5 	 1.0
-332.5 	 360.5 	 1.0
-330.5 	 349.5 	 1.0
-325.5 	 342.5 	 1.0
-317.5 	 333.5 	 1.0
-310.5 	 335.5 	 1.0
-300.5 	 332.5 	 1.0
-293.5 	 327.5 	 1.0
-289.5 	 317.5 	 1.0
-290.5 	 308.5 	 1.0
-294.5 	 300.5 	 1.0
-301.5 	 295.5 	 1.0
-310.5 	 293.5 	 1.0
-318.5 	 294.5 	 1.0
-324.5 	 298.5 	 1.0
-329.5 	 304.5 	 1.0
-331.5 	 313.5 	 1.0
-330.5 	 321.5 	 1.0
-340.5 	 331.5 	 1.0
-351.5 	 335.5 	 1.0
-362.5 	 336.5 	 1.0
-372.5 	 333.5 	 1.0
-381.5 	 328.5 	 1.0
-387.5 	 321.5 	 1.0
-392.5 	 313.5 	 1.0
-394.5 	 302.5 	 1.0
-393.5 	 292.5 	 1.0
-388.5 	 282.5 	 1.0
-382.5 	 274.5 	 1.0
-372.5 	 268.5 	 1.0
-359.5 	 266.5 	 1.0
-273.5 	 266.5 	 1.0
#
0 	 1 	 1.0
1 	 2 	 1.0
2 	 3 	 1.0
3 	 4 	 1.0
4 	 5 	 1.0
5 	 6 	 1.0
6 	 7 	 1.0
7 	 8 	 1.0
8 	 9 	 1.0
9 	 10 	 1.0
10 	 11 	 1.0
11 	 12 	 1.0
12 	 13 	 1.0
13 	 14 	 1.0
14 	 15 	 1.0
15 	 16 	 1.0
16 	 17 	 1.0
17 	 18 	 1.0
18 	 19 	 1.0
19 	 20 	 1.0
20 	 21 	 1.0
21 	 22 	 1.0
22 	 23 	 1.0
23 	 24 	 1.0
24 	 25 	 1.0
25 	 26 	 1.0
26 	 27 	 1.0
27 	 28 	 1.0
28 	 29 	 1.0
29 	 30 	 1.0
30 	 31 	 1.0
31 	 32 	 1.0
32 	 33 	 1.0
33 	 34 	 1.0
34 	 35 	 1.0
35 	 36 	 1.0
36 	 37 	 1.0
37 	 38 	 1.0
38 	 39 	 1.0
39 	 40 	 1.0
40 	 41 	 1.0
41 	 42 	 1.0
42 	 43 	 1.0
0 	 43 	 1.0
#
Line:		montreal4
-245.5 	 280.5 	 1.0
-245.5 	 366.5 	 1.0
-244.5 	 374.5 	 1.0
-239.5 	 383.5 	 1.0
-233.5 	 389.5 	 1.0
-227.5 	 393.5 	 1.0
-221.5 	 396.5 	 1.0
-213.5 	 397.5 	 1.0
-204.5 	 397.5 	 1.0
-196.5 	 394.5 	 1.0
-188.5 	 389.5 	 1.0
-181.5 	 382.5 	 1.0
-177.5 	 372.5 	 1.0
-175.5 	 363.5 	 1.0
-176.5 	 354.5 	 1.0
-180.5 	 344.5 	 1.0
-186.5 	 337.5 	 1.0
-190.5 	 333.5 	 1.0
-196.5 	 334.5 	 1.0
-205.5 	 333.5 	 1.0
-211.5 	 329.5 	 1.0
-215.5 	 325.5 	 1.0
-218.5 	 318.5 	 1.0
-218.5 	 311.5 	 1.0
-216.5 	 304.5 	 1.0
-212.5 	 298.5 	 1.0
-206.5 	 294.5 	 1.0
-200.5 	 292.5 	 1.0
-192.5 	 293.5 	 1.0
-187.5 	 295.5 	 1.0
-181.5 	 300.5 	 1.0
-178.5 	 306.5 	 1.0
-177.5 	 312.5 	 1.0
-177.5 	 316.5 	 1.0
-178.5 	 321.5 	 1.0
-167.5 	 330.5 	 1.0
-160.5 	 334.5 	 1.0
-151.5 	 335.5 	 1.0
-144.5 	 335.5 	 1.0
-135.5 	 333.5 	 1.0
-125.5 	 327.5 	 1.0
-118.5 	 318.5 	 1.0
-114.5 	 308.5 	 1.0
-114.5 	 297.5 	 1.0
-115.5 	 290.5 	 1.0
-119.5 	 282.5 	 1.0
-124.5 	 276.5 	 1.0
-130.5 	 271.5 	 1.0
-137.5 	 267.5 	 1.0
-145.5 	 266.5 	 1.0
-171.5 	 266.5 	 1.0
-232.5 	 266.5 	 1.0
-237.5 	 268.5 	 1.0
-241.5 	 271.5 	 1.0
-244.5 	 275.5 	 1.0
-245.5 	 280.5 	 1.0
#
0 	 1 	 1.0
1 	 2 	 1.0
2 	 3 	 1.0
3 	 4 	 1.0
4 	 5 	 1.0
5 	 6 	 1.0
6 	 7 	 1.0
7 	 8 	 1.0
8 	 9 	 1.0
9 	 10 	 1.0
10 	 11 	 1.0
11 	 12 	 1.0
12 	 13 	 1.0
13 	 14 	 1.0
14 	 15 	 1.0
15 	 16 	 1.0
16 	 17 	 1.0
17 	 18 	 1.0
18 	 19 	 1.0
19 	 20 	 1.0
20 	 21 	 1.0
21 	 22 	 1.0
22 	 23 	 1.0
23 	 24 	 1.0
24 	 25 	 1.0
25 	 26 	 1.0
26 	 27 	 1.0
27 	 28 	 1.0
28 	 29 	 1.0
29 	 30 	 1.0
30 	 31 	 1.0
31 	 32 	 1.0
32 	 33 	 1.0
33 	 34 	 1.0
34 	 35 	 1.0
35 	 36 	 1.0
36 	 37 	 1.0
37 	 38 	 1.0
38 	 39 	 1.0
39 	 40 	 1.0
40 	 41 	 1.0
41 	 42 	 1.0
42 	 43 	 1.0
43 	 44 	 1.0
44 	 45 	 1.0
45 	 46 	 1.0
46 	 47 	 1.0
47 	 48 	 1.0
48 	 49 	 1.0
49 	 50 	 1.0
50 	 51 	 1.0
51 	 52 	 1.0
52 	 53 	 1.0
53 	 54 	 1.0
54 	 55 	 1.0
0 	 55 	 1.0
#
End