Line:			Green
Color:			0.0	165.0	79.0
Angrignon			45.446111	-73.603611	2.0	5	1
Monk				45.451161	-73.593119	1.0	2	1
Jolicoeur			45.456667	-73.581944	1.0	5	1
Verdun				45.459469	-73.571664	1.0	3	1
De_L'Eglise			45.462222	-73.567222	1.0	5	1
LaSalle				45.471147	-73.566769	1.0	4	1
Charlevoix			45.478608	-73.569517	1.0	5	1
Lionel-\Groulx			45.48302	-73.57934	3.0	3	2
Atwater				45.48992	-73.58587	1.0	4	1
Guy-\Concordia			45.495128	-73.580203	1.0	5	2
Peel				45.500814	-73.574625	1.0	2	1
McGill				45.50355	-73.57175	1.0	3	1
Place-\des-Arts			45.508031	-73.568231	1.0	4	2
Saint-\Laurent			45.5114		-73.564367	1.0	4	2
Berri-UQAM			45.51463	-73.55995	1.0	5	1
Beaudry				45.519278	-73.557458	4.0	4	1
Papineau			45.52445	-73.55235	1.0	4	1
Frontenac			45.533378	-73.552481	1.0	5	1
Prefontaine			45.541617	-73.554711	1.0	6	1
Joliette			45.546936	-73.55115	1.0	4	1
Pie-IX				45.554028	-73.552522	1.0	3	1
Viau				45.561111	-73.547222	1.0	2	1
Assomption			45.569172	-73.546944	1.0	5	1
Cadillac			45.576803	-73.546944	1.0	4	1
Langelier			45.582778	-73.543167	1.0	5	1
Radisson			45.588889	-73.539444	1.0	4	1
Honore-\Beaugrand		45.596594	-73.535742	2.0	5	2
#
0	1	1.0
1	2	1.0
2	3	1.0
3	4	1.0
4	5	1.0
5	6	1.0
6	7	1.0
7	8	1.0
8	9	1.0
9	10	1.0
10	11	1.0
11	12	1.0
12	13	1.0
13	14	1.0
14	15	1.0
15	16	1.0
16	17	1.0
17	18	1.0
18	19	1.0
19	20	1.0
20	21	1.0
21	22	1.0
22	23	1.0
23	24	1.0
24	25	1.0
25	26	1.0
#
Line:			Orange
Color:			244.0	113.0	21.0
Cote-Vertu			45.5142		-73.6834	2.0	5	1
Du_College			45.509325	-73.674661	1.0	5	1
De_La_\Savane			45.499247	-73.659897	1.0	3	2
Namur				45.494736	-73.652772	1.0	3	1
Plamondon			45.495758	-73.64		1.0	5	1
Cote-Sainte-\Catherine		45.492		-73.633075	1.0	6	2
Snowdon				45.485592	-73.627711	3.0	4	1
Villa-Maria			45.479444	-73.619722	1.0	6	1
Vendome				45.474006	-73.603806	2.0	4	1
Place-\Saint-Henri		45.477225	-73.586725	1.0	5	2
Lionel-\Groulx			45.48302	-73.57934	3.0	3	2
Georges-\Vanier			45.48905	-73.576597	1.0	4	2
Lucien-\L'Allier		45.494947	-73.571106	2.0	4	2
Bonaventure			45.498136	-73.567286	1.0	6	1
Square-\Victoria		45.50143	-73.56211	2.0	4	2
Place-\d'Armes			45.506347	-73.559689	1.0	3	2
Champ-\de-Mars			45.510136	-73.556386	1.0	3	2
Berri-UQAM			45.51463	-73.55995	4.0	5	1
Sherbrooke			45.51842	-73.56857	1.0	5	1
Mont-Royal			45.52466	-73.58198	1.0	5	1
Laurier				45.527997	-73.588786	1.0	4	1
Rosemont			45.531394	-73.5981	1.0	4	1
Beaubien			45.534731	-73.603892	1.0	4	1
Jean-Talon			45.538939	-73.614708	3.0	5	1
Jarry				45.543358	-73.628783	1.0	3	1
Cremazie			45.546153	-73.638439	1.0	4	1
Sauve				45.550964	-73.655906	1.0	3	1
Henri-\Bourassa			45.55535	-73.66835	1.0	4	2
Cartier				45.560278	-73.681944	1.0	4	1
De_La_\Concorde			45.56085	-73.709678	2.0	4	2
Montmorency			45.558333	-73.72		2.0	5	1
#
0	1	1.0
1	2	1.0
2	3	1.0
3	4	1.0
4	5	1.0
5	6	1.0
6	7	1.0
7	8	1.0
8	9	1.0
9	10	1.0
10	11	1.0
11	12	1.0
12	13	1.0
13	14	1.0
14	15	1.0
15	16	1.0
16	17	1.0
17	18	1.0
18	19	1.0
19	20	1.0
20	21	1.0
21	22	1.0
22	23	1.0
23	24	1.0
24	25	1.0
25	26	1.0
26	27	1.0
27	28	1.0
28	29	1.0
29	30	1.0
#
Line:			Yellow
Color:			252.0	210.0	5.0
Berri-UQAM			45.51463	-73.55995	4.0	5	1
Jean-\Drapeau			45.512389	-73.533139	1.0	4	2
Longueuil-\Universite-\de-Sherbrooke	45.525561	-73.522439	2.0	6	3
#
0	1	1.0
1	2	2.0
#
Line:			Blue
Color:			16.0	129.0	206.0
Snowdon				45.485592	-73.627711	3.0	4	1
Cote-des-\Neiges		45.49645	-73.623419	1.0	4	2
Universite-\de-Montreal		45.502828	-73.617497	1.0	5	2
Edouard-\Montpetit		45.510075	-73.612433	1.0	5	2
Outremont			45.520242	-73.614922	1.0	5	1
Acadie				45.523578	-73.623892	1.0	3	1
Parc				45.531033	-73.624106	2.0	2	1
De_Castelnau			45.535333	-73.619514	1.0	6	1
Jean-Talon			45.538939	-73.614708	2.0	5	1
Fabre				45.547447	-73.607883	1.0	3	1
D'Iberville			45.553456	-73.602561	1.0	5	1
Saint-\Michel			45.559647	-73.599731	2.0	3	2
#
0	1	1.0
1	2	1.0
2	3	1.0
3	4	1.0
4	5	1.0
5	6	1.0
6	7	1.0
7	8	1.0
8	9	1.0
9	10	1.0
10	11	1.0
#
End
#
