Line:			lineA
Color:			70.0	180.0	70.0
Dejvicka				50.100484	14.393693	1	3	1
Hradcanska				50.097497	14.404626	1	4	1
Malostranska				50.090838	14.409682	1	6	1
Staromestska				50.088511	14.416072	1	6	1
Mustek					50.084408	14.423754	3	3	1
Muzeum					50.079623	14.43039	3	3	1
Namesti_Miru				50.075237	14.437959	1	6	1
Jiriho_z_\Podebrad			50.077482	14.449198	1	4	2
Flora					50.078019	14.461343	1	3	1
Zelivskeho				50.078405	14.474089	1	5	1
Strasnicka				50.072734	14.491159	1	5	1
Skalka					50.068116	14.507355	1	3	1
Depo_\Hostivar				50.075671	14.515491	1	6	1
#
0	1	1.0
1	2	1.0
2	3	1.0
3	4	1.0
4	5	1.0
5	6	1.0
6	7	1.0
7	8	1.0
8	9	1.0
9	10	1.0
10	11	1.0
11	12	1.0
#
Line:			lineB
Color:			250.0	190.0	20.0
Zlicin					50.053939	14.290857	1	3	1
Stodulky				50.046737	14.308018	1	4	1
Luka					50.045352	14.32206	1	2	1
Luziny					50.044546	14.330972	1	3	1
Hurka					50.049954	14.342318	1	3	1
Nove_\Butovice				50.05098	14.353251	1	4	2
Jinonice				50.054556	14.370877	1	4	1
Radlicka				50.0582		14.387599	1	4	1
Smichovske_\nadrazi			50.061423	14.408901	1	5	2
Andel					50.071368	14.403952	1	1	1
Karlovo_\namesti			50.075692	14.419037	1	4	2
Narodni_\trida				50.081572	14.419977	1	3	2
Mustek					50.084408	14.423754	3	3	1
Namesti_\Republiky			50.088373	14.430749	1	5	2
Florenc					50.091044	14.439332	3	4	1
Krizikova				50.093355	14.45195	1	5	1
Invalidovna				50.09728	14.46442	1	6	1
Palmovka				50.103426	14.473371	1	4	1
Ceskomoravska				50.106458	14.49271	1	7	1
Vysocanska				50.110575	14.501962	1	5	1
Kolbenova				50.110843	14.516077	1	5	1
Hloubetin				50.106326	14.537701	1	5	1
Rajska_\zahrada				50.106911	14.560457	1	3	2
Cerny_\Most				50.109013	14.577285	1	2	2
#
0	1	1.0
1	2	1.0
2	3	1.0
3	4	1.0
4	5	1.0
5	6	1.0
6	7	1.0
7	8	1.0
8	9	1.0
9	10	1.0
10	11	1.0
11	12	1.0
12	13	1.0
13	14	1.0
14	15	1.0
15	16	1.0
16	17	1.0
17	18	1.0
18	19	1.0
19	20	1.0
20	21	1.0
21	22	1.0
22	23	1.0
#
Line:			lineC
Color:			245.0	25.0	35.0
Letnany					50.125916	14.514567	1	3	1
Prosek					50.119144	14.498632	1	3	1
Strizkov				50.126219	14.489431	1	4	1
Ladvi					50.126693	14.469905	1	2	1
Kobylisy				50.124437	14.455195	1	4	1
Nadrazi_\Holesovice			50.109722	14.43967	1	5	2
Vltavska				50.099606	14.438472	1	3	1
Florenc					50.091044	14.439332	3	3	1
Hlavni_\nadrazi				50.084174	14.433628	3	3	2
Muzeum					50.079623	14.43039	3	3	1
I._P._\Pavlova				50.075513	14.43056	1	3	2
Vysehrad				50.062711	14.430283	1	3	1
Prazskeho_\povstani			50.056119	14.43442	1	4	2
Pankrac					50.05118	14.439778	1	3	1
Budejovicka				50.044583	14.448512	1	6	1
Kacerov					50.041976	14.460484	1	3	1
Roztyly					50.037355	14.477882	1	3	1
Chodov					50.03096	14.491781	1	3	1
Opatov					50.027528	14.507478	1	3	1
Haje					50.030495	14.526334	1	2	1
#
0	1	1.00
1	2	1.00
2	3	1.00
3	4	1.00
4	5	1.00
5	6	1.00
6	7	1.00
7	8	1.00
8	9	1.00
9	10	1.00
10	11	1.00
11	12	1.00
12	13	1.00
13	14	1.00
14	15	1.00
15	16	1.00
16	17	1.00
17	18	1.00
18	19	1.00
#
End
