Line:			East-West-Line
Color:			26.0 159.0 57.0
Pasir_Ris				1.372411	103.949369	1	4	1	
Tampines				1.352528	103.945322	1	4	1	
Simei					1.343444	103.953172	1	2	1	
Tanah_Merah				1.327358	103.946344	3	5	1	
Bedok					1.324039	103.930036	1	3	1	
Kembangan				1.320983	103.912842	1	5	1	
Eunos					1.319725	103.903108	1	3	1	
Paya_Lebar				1.317767	103.892381	3	5	1	
Aljunied				1.316442	103.882981	1	4	1	
Kallang					1.311469	103.8714	1	3	1	
Lavender				1.307167	103.863008	1	4	1	
Bugis					1.300194	103.85615	1	2	1	
Dummystation-7 			 1.295021340961364     103.85322638782092				
City_Hall				1.293239	103.852219	3	4	1
Raffles_\Place				1.283881	103.851533	3	4	2
Dummystation-5 			 1.281437513372347     103.84962141989747
Tanjong_\Pagar				1.276439	103.845711	1	4	2	
Outram_\Park				1.280225	103.839486	1	3	2	
Tiong_Bahru				1.286081	103.826958	1	5	1	
Redhill					1.289733	103.81675	1	3	1	
Queenstown				1.294442	103.806114	1	5	1	
Commonwealth				1.302558	103.798225	1	6	1	
Buona_Vista				1.306817	103.790428	1	5	1	
Dover					1.311314	103.778658	1	3	1	
Clementi				1.315303	103.765244	1	4	1	
Jurong_East				1.333415	103.742119	3	5	1
Chinese_\Garden				1.342711	103.732467	1	3	2	
Lakeside				1.344589	103.721139	1	4	1	
Boon_Lay				1.338883	103.706208	1	4	1	
Pioneer					1.337578	103.697217	1	4	1	
Joo_Koon				1.327739	103.678486	1	4	1	
Gul_Circle              1.3212      103.6657
Tuas_Crescent           1.321139    103.649
Tuas_West               1.330056    103.639611
Tuas_Link               1.340278    103.636806
#
0	1	1.0
1	2	1.0
2	3	1.0
3	4	1.0
4	5	1.0
5	6	1.0
6	7	1.0
7	8	1.0
8	9	1.0
9	10	1.0
10	11	1.0
11	12	1.0
12	13	1.0
13	14	1.0
14	15	1.0
15	16	1.0
16	17	1.0
17	18	1.0
18	19	1.0
19	20	1.0
20	21	1.0
21	22	1.0
22	23	1.0
23	24	1.0
24	25	1.0
25	26	1.0
26	27	1.0
27	28	1.0
28	29	1.0
29  30
30  31
31  32
32  33
33  34
#
Line:			North-South-Line
Color:			216.0 46.0 41.0
Jurong_East				1.333415	103.742119	3	5	1
Bukit_Batok				1.349073	103.749664	1	5	1
Bukit_Gombak				1.358702	103.751787	1	5	1
Choa_Chu_Kang				1.385092	103.744322	1	6	1
Yew_Tee					1.396986	103.747239	1	3	1		
Kranji					1.425047	103.761853	1	3	1
Marsiling				1.432636	103.774283	1	5	1
Woodlands				1.437094	103.786483	1	5	1
Admiralty				1.440689	103.800933	1	5	1	 
Sembawang				1.449025	103.820153	1	5	1
Yishun					1.429464	103.835239	1	3	1	 
Khatib					1.417167	103.8329	1	3	1
Yio_Chu_Kang				1.381906	103.844817	1	6	1	 
Ang_Mo_Kio				1.370017	103.84945	1	5	1
Bishan					1.351236	103.848456	3	3	1
Braddell				1.340339	103.846725	1	4	1
Toa_Payoh				1.332703	103.847808	1	4	1	 
Novena					1.320394	103.843689	1	3	1	 
Newton					1.312956	103.838442	1	3	1
Orchard					1.304314	103.831939	1	4	1	 
Somerset				1.300514	103.839028	1	4	1	 
Dhoby_Ghaut				1.299156	103.845736	3	5	1
Dummystation-3 			 1.2967901402664108     103.84832816978897
City_Hall				1.293239	103.852219	3	4	1
Raffles_\Place				1.283881	103.851533	3	4	2
Dummystation-6 			 1.2791525933253112     103.85344161430683
Marina_Bay				1.276097	103.854675	1	5	1
Marina_Pier				1.270958	103.863242	1	6	1
#
0	1	1.0
1	2	1.0
2	3	1.0
3	4	1.0
4	5	1.0
5	6	1.0
6	7	1.0
7	8	1.0
8	9	1.0
9	10	1.0
10	11	1.0
11	12	1.0
12	13	1.0
13	14	1.0
14	15	1.0
15	16	1.0
16	17	1.0
17	18	1.0
18	19	1.0
19	20	1.0
20	21	1.0
21	22	1.0
22	23	1.0
23	24	1.0
24	25	1.0
25  26
26  27
#
Line:                   East-West-Line
Color:                  26.0 159.0 57.0
Tanah_Merah				1.327358	103.946344	3	5	1	
Expo					1.335469	103.961767	1	2	1	
Changi_\Airport				1.357372	103.988836	1	3	2	
#
0	1	1.0
1	2	1.0	
#
Line:			North-East-Line
Color:			140.0 80.0 145.0
Harbour_Front				1.265297	103.82225	1	6	1	
Outram_\Park				1.280225	103.839486	1	3	2	
Chinatown				1.28485		103.844006	1	4	1	
Clarke_Quay	 			1.288708	103.846606	1	5	1	
Dummystation-2 			 1.2944239941671054     103.84613003187864
Dhoby_Ghaut				1.299156	103.845736	3	5	1
Little_India				1.306725	103.849175	1	5	1	
Farrer_Park	 			1.312314	103.854028	1	5	1	
Boon_Keng	 			1.319483	103.861722	1	4	1	
Potong_Pasir	 			1.331161	103.869058	1	5	1	
Woodleigh	 			1.339181	103.870744	1	5	1	
Serangoon				1.349944	103.873092	3	5	1	
Kovan	 				1.360214	103.884864	1	5	1	
Hougang	 				1.371292	103.892161	1	2	1	
Buangkok	 			1.382728	103.892789	1	4	1	
Sengkang				1.391653	103.895133	1	4	1	
Punggol					1.405264	103.902097	1	4	1	
#
0	1	1.0
1	2	1.0
2	3	1.0
3	4	1.0
4	5	1.0
5	6	1.0
6	7	1.0
7	8	1.0
8	9	1.0
9	10	1.0
10	11	1.0
11	12	1.0
12	13	1.0
13	14	1.0
14	15	1.0
15  16
#
Line:			Circle-Line
Color:			244.0 177.0 53.0
Dhoby_Ghaut				1.299156	103.845736	3	5	1
Dummystation-4 			 1.2976251437147872     103.8491038838227
Bras_Basah				1.296931	103.850631	1	5	1
Dummystation-7 			 1.295021340961364     103.85322638782092
Esplanade	 			1.293436	103.855381	1	5	1
Promenade				1.293131	103.861064	1	5	1
Nicoll_\Highway	 			1.299697	103.863611	1	4	2
Stadium	 				1.302856	103.875306	1	4	1
Mountbatten	 			1.306306	103.882531	1	5	1
Dakota	 				1.308289	103.888253	1	3	1
Paya_Lebar				1.317767	103.892381	3	5	1	
Mac_Pherson				1.32665		103.890019	1	5	1
Tai_Seng				1.335833	103.887942	1	4	1
Bartley					1.342756	103.879697	1	4	1
Serangoon				1.349944	103.873092	3	5	1	
Lorong_Chuan	 			1.351636	103.864064	1	6	1
Bishan					1.351236	103.848456	3	3	1
Marymount	 			1.349078	103.839492	1	5	1
Caldecott   1.337761    103.839447
Bukit_Brown    1.333639    103.830075
Botanic_Gardens    1.322519    103.815406
Farrer_Road    1.317319    103.807431
Holland_Village    1.312078    103.796208
Buona_Vista    1.306817    103.790428
One-north   1.299331    103.787067
Kent_Ridge  1.293383    103.784394
Haw_Par_Villa   1.282386    103.781867
Pasir_Panjang   1.276167    103.791358
Labrador_Park   1.272267    103.802908
Telok_Blangah   1.270572    103.809678
Harbour_Front   1.265297    103.82225
Keppel          1.269988    103.830385
Cantonment      1.272814    103.836659
Prince_Edward_Road  1.273254    103.847298
Marina_Bay      1.276097    103.854675
#
0	1	1.00
1	2	1.00
2	3	1.00
3	4	1.00
4	5	1.00
5	6	1.00
6	7	1.00
7	8	1.00
8	9	1.00
9	10	1.00
10	11	1.00
11	12	1.00
12	13	1.00
13	14	1.00
14	15	1.00
15	16	1.00
16  17
17  18
18  19
19  20
20  21
21  22
22  23
23  24
24  25
25  26
26  27
27  28
28  29
29  30
30  31
31  32
32  33
33  34
#
Line:			Circle-Line-Extension
Color:			244.0 177.0 53.0
Promenade				1.293131	103.861064	1	5	1
Bayfront        1.282347    103.859317
Marina_Bay      1.276097    103.854675
#
0   1  
1   2
#
Line:			Thomson–East_Coas
Color:			130.0 75.0 10.0
Woodlands_North     1.4482      103.7851
Woodlands           1.437094    103.786483
Woodlands_South     1.4273      103.7938
Springleaf          1.3978      103.8182
Lentor              1.3846      103.8368
Mayflower           1.3724      103.8372
Bright_Hill         1.361778    103.832093
Upper_Thomson       1.3542      103.8332
Caldecott           1.337761    103.839447
#
0   1
1   2
2   3
3   4  
4   5
5   6
6   7
7   8
#
Line:			Downtown
Color:			0.0 0.0 255.0
Bukit_Panjang   1.378436    103.761767
Cashew          1.368975    103.764803
Hillview        1.362472    103.767389
Hume            1.35465     103.76904
Beauty_World    1.341133    103.775797
King_Albert_Park    1.335628    103.783983
Sixth_Avenue    1.330714    103.797633
Tan_Kah_Kee     1.326039    103.807169
Botanic_Gardens    1.322519    103.815406
Stevens         1.320069    103.825997
Newton          1.312956    103.838442
Little_India    1.306725    103.849175
Rochor          1.303764    103.852581
Dummystation-1 			 1.3029968865724018     103.85334789855003  13
Bugis           1.300194    103.85615
Promenade       1.293131    103.861064
Bayfront        1.282347    103.859317
Downtown        1.279458    103.852931
Dummystation-6 			 1.2791525933253112     103.85344161430683
Dummystation-5 			 1.281437513372347     103.84962141989747   18
Telok_Ayer      1.282125    103.848472
Chinatown       1.284167    103.843333
Fort_Canning    1.292481    103.844325
Dummystation-2 			 1.2944239941671054     103.84613003187864
Dummystation-3 			 1.2967901402664108     103.84832816978897
Dummystation-4 			 1.2976251437147872     103.8491038838227
Bencoolen       1.298889    103.850278  21
Jalan_Besar     1.305601    103.855294
Bendemeer       1.314253    103.861298
Geylang_Bahru   1.321382    103.871414
Mattar          1.327223    103.882864
Mac_Pherson     1.32665     103.890019
Ubi             1.330011    103.899958
Kaki_Bukit      1.334929    103.908976
Bedok_North     1.336389    103.917778
Bedok_Reservoir 1.336542    103.930903
Tampines_West   1.345595    103.938258
Tampines        1.352528    103.945322
Tampines_East   1.356429    103.954645
Upper_Changi    1.3419      103.9614
Expo            1.335278    103.961944
#
0   1
1   2   
2   3
3   4
4   5
5   6
6   7
7   8
8   9
9   10 
10  11
11  12
12  13
13  14
14  15
15  16
16  17 
17  18
18  19
19  20
20  21
21  22
22  23
23  24
24  25
25  26
26  13
13  27
27  28
28  29
29  30
30  31
31  32
32  33
33  34
34  35
35  36
36  37
37  38
38  39
39  40
#
End
#
Line:			Circle-Line-Stage6
Color:			244.0 177.0 53.0
Marina_Bay      1.276097    103.854675
Prince_Edward_Road  1.273254    103.847298
Cantonment      1.272814    103.836659
Keppel          1.269988    103.830385
Harbour_Front   1.265297    103.82225
#
0   1
1   2
2   3
3   4
#
End
#
