Line:			Wenhu
Color:			167.0 76.0 0.0
Taipei_Nangang_\Exhibition_\Center	25.055304	121.61734	3	5	3
Nangang_\Software_Park			25.059677	121.616224	1	5	2
Donghu					25.067239	121.611525	1	3	1
Huzhou					25.07272	121.606954	1	3	1
Dahu_Park				25.08372	121.602384	1	4	1
Neihu					25.083759	121.594573	1	2	1
Wende					25.078511	121.584789	1	3	1
Gangqian				25.080047	121.575068	1	4	1
Xihu					25.082145	121.567172	1	2	1
Jiannan_Rd.				25.084789	121.555907	1	4	1
Dazhi					25.079522	121.546937	1	2	1
Songshan_\Airport			25.063137	121.55198	3	4	2
Zhongshan_\Junior_\High_School		25.060824	121.544191	1	5	3
Nanjing_\E._Rd.				25.052425	121.544137	1	3	2
Zhongxiao_\Fuxing			25.041683	121.543715	3	4	2
Daan					25.033006	121.543568	1	2	1
Technology_\Building			25.026104	121.543461	1	4	2
Liuzhangli				25.02379	121.553096	1	4	1
Linguang				25.018521	121.558782	1	3	1
Xinhai					25.005531	121.557108	1	2	1
Wanfang_\Hospital			24.999462	121.558213	1	3	2
Wanfang_\Community			24.99855	121.568137	1	4	2
Muzha					24.998258	121.57318	1	2	1
Taipei_Zoo				24.998239	121.57951	2	4	1
#
0	1	2.0
1	2	2.0
2	3	1.0
3	4	2.0
4	5	2.0
5	6	2.0
6	7	1.0
7	8	2.0
8	9	2.0
9	10	2.0
10	11	3.0
11	12	2.0
12	13	1.0
13	14	1.0
14	15	1.0
15	16	3.0
16	17	1.0
17	18	3.0
18	19	2.0
19	20	2.0
20	21	1.0
21	22	1.0
22	23	1.0
#
Line:			Danshui
Color:			255.0 0.0 0.0
Danshui					25.168053	121.445194	2	3	1
Hongshulin				25.154103	121.459002	1	4	1
Zhuwei					25.137		121.459501	1	3	1
Guandu					25.125805	121.467338	1	3	1
Zhongyi					25.131221	121.473422	1	3	1
Fuxinggang				25.137559	121.48544	1	4	1
Beitou					25.131901	121.498597	3	2	1
Qiyan					25.125457	121.501147	1	2	1
Qilian					25.120852	121.506296	1	2	1
Shipai					25.114519	121.515566	1	2	1
Mingde					25.109681	121.518892	1	3	1
Zhishan					25.103055	121.522475	1	3	1
Shilin					25.093553	121.526252	1	2	1
Jiantan					25.084283	121.525029	1	3	1
Yuanshan				25.071307	121.520069	1	4	1
Minquan_\W._Rd.				25.062224	121.519643	3	4	1
Shuanglian				25.057967	121.520673	1	4	1
Zhongshan				25.052647	121.520412	1	4	1
Taipei_\Main_\Station			25.046245	121.51754	3	4	2
NTU_\Hospital				25.042143	121.51636	1	4	1
Chiang_\Kai-Shek_\Memorial_Hall		25.034303	121.516997	3	6	2
#
0	1	3.0
1	2	3.0
2	3	2.0
3	4	2.0
4	5	2.0
5	6	2.0
6	7	2.0
7	8	2.0
8	9	1.0
9	10	2.0
10	11	2.0
11	12	2.0
12	13	2.0
13	14	2.0
14	15	2.0
15	16	1.0
16	17	2.0
17	18	1.0
18	19	2.0
19	20	2.0
#
Line:			Xinbeitou-Branch
Color:			244.0 139.0 154.0
Xinbeitou				25.136974	121.502543	2	3	1
Beitou					25.131809	121.498679	3	2	1
#
0	1	3.0
#
Line:			Xindian
Color:			0.0 128.0 0.0
Xindian					24.957914	121.537562	2	3	1
Xindian_\City_\Office			24.967787	121.541478	1	4	2
Qizhang					24.975073	121.543296	3	3	1
Dapinglin				24.982939	121.541362	1	3	1
Jingmei					24.992661	121.540622	1	3	1
Wanlong					25.001901	121.538994	1	3	1
Gongguan				25.014794	121.534311	1	4	1
Taipower_\Building			25.020501	121.528346	1	3	2
Guting					25.027109	121.522216	3	2	1
Chiang_\Kai-Shek_\Memorial_Hall		25.034303	121.516997	3	6	2
#
0	1	2.00
1	2	2.00
2	3	2.00
3	4	2.00
4	5	1.00
5	6	3.00
6	7	1.00
7	8	2.00
8	9	2.00
#
Line:			Xiaobitan-Branch
Color:			181.0 217.0 49.0
Xiaobitan				24.973065	121.529987	2	3	1
Qizhang					24.975073	121.543296	3	3	1
#
0	1	3.00
#
Line:			Zhonghe
Color:			255.0 165.0 0.0
Nanshijiao				24.99113	121.510448	2	4	1
Jingan					24.993927	121.505134	1	2	1
Yongan_\Market				25.002631	121.511019	1	3	2
Dingxi					25.013582	121.51548	1	2	1
Guting					25.027054	121.522391	3	2	1
Chiang_\Kai-Shek_\Memorial_Hall		25.034303	121.516997	3	6	2
#
0	1	2.00
1	2	2.00
2	3	2.00
3	4	3.00
4	5	2.00
#
Line:			Bannan
Color:			0.0 24.0 255.0
Taipei_Nangang_\Exhibition_\Center	25.055304	121.61734	3	5	3
Nangang					25.052155	121.606611	1	3	1
Kunyang					25.050559	121.593575	1	3	1
Houshanpi				25.044872	121.582387	1	4	1
Yongchun				25.040886	121.575596	1	4	1
Taipei_\City_Hall			25.041139	121.566026	3	3	2
Sun_Yat-Sen_\Memorial_Hall		25.041343	121.557743	1	5	2
Zhongxiao_\Dunhua			25.041499	121.550522	1	4	2
Zhongxiao_\Fuxing			25.041683	121.543715	3	4	2
Zhongxiao_\Xinsheng			25.042354	121.532916	3	4	2
Shandao_\Temple				25.044775	121.523679	1	3	2
Taipei_\Main_\Station			25.046245	121.51754	3	4	2
Ximen					25.042071	121.508267	3	2	1
Longshan_\Temple			25.0353		121.499881	1	4	2
Jiangzicui				25.030466	121.472846	1	4	1
Xinpu					25.023447	121.468168	1	2	1
Banqiao					25.01389	121.462514	1	3	1
Fuzhong					25.008552	121.45936	1	3	1
Far_Eastern_\Hospital			24.997636	121.452352	1	4	2
Haishan					24.985195	121.448856	1	3	1
Tucheng					24.973156	121.444404	1	3	1
Yongning				24.966807	121.436366	2	3	1
#
0	1	2.0
1	2	2.0
2	3	2.0
3	4	2.0
4	5	2.0
5	6	1.0
6	7	2.0
7	8	1.0
8	9	2.0
9	10	2.0
10	11	2.0
11	12	3.0
12	13	2.0
13	14	3.0
14	15	2.0
15	16	2.0
16	17	2.0
17	18	2.0
18	19	3.0
19	20	2.0
20	21	2.0	
#
Line:			Luzhou
Color:			255.0 165.0 0.0
Fu_Jen_\University			25.034167	121.434031	2	5	2
Xinzhuang				25.036218	121.452141	1	5	1
Touqianzhuang				25.040067	121.460241	1	7	1
Xianse_\Temple				25.046599	121.471324	1	3	2
Sanchong				25.055944	121.484869	1	4	1
Cailiao					25.059506	121.491451	1	4	1
Taipei_\Bridge				25.063044	121.500968	1	3	2
Daqiaotou				25.063277	121.512984	2	4	1
#
0	1	2.0
1	2	2.0
2	3	2.0
3	4	2.0
4	5	3.0
5	6	2.0
6	7	2.0
#
Line:                   Luzhou
Color:                  255.0 165.0 0.0
Luzhou                                  25.091528       121.464452      2       3       1
Sanmin_Senior_\High_School              25.085385       121.473427      1       5       2
St._Ignatius_\High_School               25.080463       121.4801        1       4       2
Sanhe_Junior_\High_School               25.076557       121.486827      1       5       2
Sanchong_\Elementary_School             25.070002       121.497384      1       6       2
Daqiaotou                               25.063277       121.512984      2       4       1
Minquan_\W._Rd.                         25.062224       121.519643      3       4       1
Zhongshan_\Elementary_School            25.062689       121.526572      1       6       2
Xingtian_\Temple                        25.059191       121.53317       1       3       2
Songjiang_\Nanjing                      25.052003       121.533042      1       4       2
Zhongxiao_\Xinsheng                     25.042354       121.532916      3       4       2
#
0       1       2.0
1       2       2.0
2       3       2.0
3       4       2.0
4       5       3.0
5       6       2.0
6       7       2.0
7       8       2.0
8       9       2.0
9       10      2.0
#
Line:			Xiaonanmen
Color:			209.0 226.0 52.0
Ximen					25.042071	121.508267	3	2	1
Xiaonanmen				25.035637	121.510787	1	4	1
Chiang_\Kai-Shek_\Memorial_Hall		25.034303	121.516997	3	6	2
#
0	1	2.0
1	2	2.0
#
End

