Line:			Marunouchi-main
Color:			255.0 0.0 0.0
Ogikubo			35.7046350	139.6199850	2	3	1
Minami-\Asagaya		35.6996260	139.6357610	1	3	2
Shin-\Koenji		35.6979860	139.6480700	1	2	2
Higashi-\Koenji		35.6978100	139.6578190	1	3	2
Shin-\Nakano		35.6974900	139.6690320	1	3	2
Nakano-\Sakaue		35.6979210	139.6829090	2	3	2
Nishi-\Shinjuku		35.6942990	139.6927780	1	3	2
Dummystation-30                 35.69305        139.698255      0       3       1
Shinjuku		35.6909220	139.7002580	3	3	1
Shinjuku-\Sanchome	35.6906150	139.7062730	2	4	2
Shinjuku-\Gyoemmae	35.6885860	139.7106870	1	4	2
Yotsuya-\Sanchome	35.6879600	139.7201500	1	4	2
Yotsuya			35.6860130	139.7306650	2	3	1
Dummystation-08                 35.6787430      139.7312220     0       4       2
Akasaka-\Mitsuke	35.6770320	139.7370470	2	3	2
Dummystation-12                 35.6767430      139.7408220     0       4       2
Kokkai-\Gijidomae	35.6739250	139.7455040	2	4	2
Kasumigaseki		35.6738380	139.7508990	2	5	1
Dummystation-15                 35.671511       139.756555      0       3       1
Ginza			35.6720890	139.7639630	2	2	1
Dummystation-05                 35.6747430      139.7652220     0       4       2
Tokyo			35.6813910	139.7661340	3	2	1
Otemachi2		35.6848010	139.7660860	3	3	1
Awajicho		35.6954340	139.7675750	2	3	1
Dummystation-01                 35.6990870      139.7660200     0       4       2
Ochanomizu		35.6998560	139.7637880	2	4	1
Hongo-\Sanchome		35.7066720	139.7599160	2	4	2
Dummystation-17                 35.706855       139.753622      0       3       1
Korakuen		35.7073390	139.7511990	2	3	1
Dummystation-24                 35.710222       139.747555      0       3       1
Myogadani		35.7173060	139.7367350	1	4	1
Shin-\Otsuka		35.7257910	139.7299170	1	3	2
Ikebukuro		35.7289290	139.7103800	3	3	1
#
0	1	1.0
1	2	1.0
2	3	1.0
3	4	1.0
4	5	1.0
5	6	1.0
6	7	1.0
7	8	1.0
8	9	1.0
9	10	1.0
10	11	1.0
11	12	1.0
12	13	1.0
13	14	1.0
14	15	1.0
15	16	1.0
16	17	1.0
17	18	1.0	
18	19	1.0
19	20	1.0
20	21	1.0
21	22	1.0
22	23	1.0
23	24	1.0
24	25	1.0
25	26	1.0
26      27      1.0
27      28      1.0
28      29      1.0
29      30      1.0
30      31      1.0
31      32      1.0
#
Line:			Marunouchi-main
Color:			255.0 0.0 0.0
Honancho		35.6835010	139.6565000	1	3	1
Nakano-\Fujimicho	35.6905150	139.6669330	1	3	2
Nakano-\Shimbashi	35.6921260	139.6739990	1	4	2
Nakano-\Sakaue		35.6979210	139.6829090	2	3	2
#
0	1	1.0
1	2	1.0
2	3	1.0
#
Line:			Ginza
Color:			255.0 153.0 0.0
Shibuya			35.6586500	139.7013170	3	3	1
Omote-Sando		35.6652460	139.7123110	2	5	1
Gaiemmae		35.6705710	139.7178740	1	4	1
Aoyama-\Itchome		35.6727650	139.7241590	2	3	2
Akasaka-\Mitsuke	35.6770320	139.7370470	2	3	2
Dummystation-02                 35.6753430      139.7392220     0       4       2
Tameike-\Sanno		35.6736220	139.7414180	2	3	2
Dummystation-00   		35.6702420	139.7488810	0	4	1
Toranomon		35.6702420	139.7498810	1	4	1
Dummystation-14                 35.666111       139.753555      0       3       1
Shimbashi		35.6654990	139.7596440	2	4	1
Ginza			35.6720890	139.7639630	2	2	1
Dummystation-03                 35.6727430      139.7702220     0       4       2
Kyobashi		35.6768520	139.7701000	1	3	1
Nihombashi		35.6824130	139.7739190	2	4	1
Mitsukoshimae		35.6848880	139.7731610	2	5	1
Kanda			35.6916930	139.7708850	2	2	1
Dummystation-19                 35.695855       139.769555      0       3       1
Suehirocho		35.7029730	139.7717180	1	4	1
Ueno-\Hirokoji		35.7076610	139.7729760	2	3	2
Ueno			35.7137710	139.7773000	3	2	1
Inaricho		35.7113550	139.7827320	1	3	1
Tawaramachi		35.7098430	139.7908450	1	5	1
Asakusa			35.7121220	139.7984300	3	3	1
#
0	1	2.0
1	2	2.0
2	3	1.0
3	4	2.0
4	5	2.0
5	6	2.0
6	7	2.0
7	8	2.0
8	9	2.0
9	10	2.0
10	11	1.0
11	12	2.0
12	13	2.0
13	14	1.0
14	15	2.0
15	16	1.0
16	17	2.0
17	18	2.0
18	19	1.0
19	20	1.0
20	21	1.0
21      22      1.0
22      23      1.0
#
Line:			Hibiya
Color:			204.0 204.0 204.0
Naka-\Meguro		35.6443090	139.6991560	2	3	2
Ebisu			35.6469900	139.7101050	2	2	1
Hiroo			35.6522780	139.7222270	1	2	1
Roppongi		35.6628380	139.7314430	3	3	1
Dummystation-09                 35.6607430      139.7382220     0       4       2
Kamiyacho		35.6629820	139.7450680	1	4	1
Dummystation-00   		35.6702420	139.7488810	0	4	1
Kasumigaseki		35.6738380	139.7508990	2	5	1
Dummystation-16                 35.673011       139.757555      0       3       1
Hibiya			35.6751140	139.7597650	2	2	1
Ginza			35.6720890	139.7639630	2	2	1
Higashi-\Ginza		35.6694740	139.7672560	2	3	2
Tsukiji			35.6681240	139.7726510	1	2	1
Dummystation-04                 35.6687430      139.7752220     0       4       2
Hatchobori		35.6746210	139.7777080	2	4	1
Kayabacho		35.6797550	139.7800060	2	4	1
Dummystation-07                 35.6837430      139.7802220     0       4       2
Ningyocho		35.6863070	139.7822840	2	4	1
Kodemmacho		35.6907400	139.7784310	1	5	1
Dummystation-21                 35.69455        139.77655       0       3       1
Akihabara		35.6986920	139.7742180	2	3	1
Naka-\Okachimachi	35.7065560	139.7762010	2	4	2
Ueno			35.7137710	139.7773000	3	2	1
Iriya			35.7207350	139.7845420	1	2	1
Minowa			35.7295290	139.7913310	1	3	1
Minami-\Senju		35.7333337	139.7991710	2	3	2
Kita-\Senju		35.7494180	139.8051170	2	2	2
#
0	1	2.0
1	2	3.0
2	3	3.0
3	4	4.0
4	5	2.0
5	6	0.0
6	7	2.0
7	8	2.0
8	9	2.0
9	10	1.0
10	11	2.0
11	12	2.0
12	13	2.0
13	14	2.0
14	15	2.0
15	16	1.0
16	17	2.0
17	18	2.0
18	19	2.0
19	20	2.0
20	21	3.0
21	22	3.0
22	23	3.0
23	24	3.0
24      25      3.0
25      26      3.0
#
Line:                   Tozai
Color:                  102.0 153.0 255.0
Nakano                  35.7060330      139.6656520     2       3       1
Dummystation-23                 35.7105555      139.6845555     0       3       1
Ochiai                  35.7107420      139.6863350     1       2       1
Takadanobaba            35.7122870      139.7037810     2       5       1
Dummystation-10                 35.7137430      139.7112220     0       4       2
Waseda                  35.7118480      139.7189190     1       3       1
Kagurazaka              35.7039080      139.7342380     1       4       1
Iidabashi               35.7020680      139.7450120     2       3       1
Kudanshita              35.6955890      139.7519480     2       4       1
Takebashi               35.6906610      139.7568150     1       4       1
Otemachi1               35.6848010      139.7660850     3       3       1
Otemachi2               35.6848010      139.7660860     3       3       1
Nihombashi              35.6824130      139.7739190     2       4       1
Kayabacho               35.6797550      139.7800060     2       4       1
Monzen-\Nakacho         35.6719860      139.7957870     2       3       2
Kiba                    35.6694570      139.8065290     1       2       1
Toyocho                 35.6696250      139.8176430     1       3       1
Minami-\Sunamachi       35.6687970      139.8306520     1       4       2
Nishi-\Kasai            35.6645310      139.8593690     1       2       2
Kasai                   35.6635250      139.8726910     1       2       1
Urayasu                 35.6657430      139.8929360     1       3       1
Minami-\Gyotoku         35.6726870      139.9023070     1       3       2
Gyotoku                 35.6825600      139.9142220     1       3       1
Myoden                  35.6916150      139.9250170     1       3       1
Baraki-\Nakayama        35.7031620      139.9418860     1       4       2
Nishi-\Funabashi        35.7074540      139.9590960     2       4       2
#
0       1       3.0
1       2       3.0
2       3       3.0
3       4       2.0
4       5       2.0
5       6       2.0
6       7       2.0
7       8       3.0
8       9       1.0
9       10      2.0
10      11      2.0
11      12      2.0
12      13      1.0
13      14      3.0
14      15      3.0
15      16      2.0
16      17      2.0
17      18      2.0
18      19      2.0
19      20      2.0
20      21      3.0
21      22      3.0
22      23      3.0
23      24      3.0
24      25      3.0
#
Line:			Chiyoda
Color:			0.0 102.0 0.0
Yoyogi-\Uehara		35.6690620	139.6796780	2	3	2
Yoyogi-\Koen		35.6689530	139.6913550	1	3	2
Meiji-\Jingumae		35.6684480	139.7053670	2	3	2
Omote-Sando		35.6652460	139.7123110	2	5	1
Nogizaka		35.6666210	139.7263020	1	3	1
Dummystation-28                 35.6686855      139.728555      0       3       1
Akasaka			35.6723730	139.7365500	1	3	1
Dummystation-02                 35.6753430      139.7392220     0       4       2
Dummystation-11                 35.6747430      139.7408220     0       4       2
Kokkai-\Gijidomae	35.6739250	139.7455040	2	4	2
Kasumigaseki		35.6738380	139.7508990	2	5	1
Dummystation-16                 35.673011       139.757555      0       3       1
Hibiya			35.6751140	139.7597650	2	2	1
Dummystation-06                 35.6767430      139.7602220     0       4       2
Nijubashimae		35.6803690	139.7616160	1	5	1
Otemachi1		35.6848010	139.7660860	3	3	1
Shin-\Ochanomizu	35.6980870	139.7660200	2	4	2
Dummystation-01                 35.6990870      139.7660200     0       4       2
Yushima			35.7082430	139.7699160	1	3	1
Dummystation-27                 35.711855       139.7659555     0       3       1
Nezu			35.7173820	139.7657380	1	2	1
Sendagi			35.7255490	139.7632430	1	3	1
Nishi-\Nippori		35.7321910	139.7668640	2	2	2
Machiya			35.7417920	139.7798770	2	3	1
Kita-\Senju		35.7494180	139.8051170	2	2	2
Ayase			35.7623790	139.8253790	2	2	1
Kita-\Ayase		35.784204	139.833241	1	2	2
#
0	1	2.0
1	2	2.0
2	3	1.0
3	4	3.0
4	5	2.0
5	6	1.0
6	7	2.0
7	8	2.0
8	9	2.0
9	10	2.0
10	11	2.0
11	12	2.0
12	13	2.0
13	14	2.0
14	15	2.0
15	16	2.0
16	17	2.0
17	18	2.0
18	19	4.0
19	20	3.0	
20	21	4.0	
21      22      4.0
22      23      4.0
23      24      4.0
24      25      4.0
25      26      4.0
#
Line:			Otemachi-connection
Color:			0.0 0.0 0.0
Otemachi1		35.6848010	139.7660850	3	3	1
Otemachi2		35.6848010	139.7660860	3	3	1
#
0	1	1.0
#
Line:			Tameike-Kokkai
Color:			0.0 0.0 0.0
Tameike-\Sanno		35.6736220	139.7414180	2	3	2
Kokkai-\Gijidomae	35.6739250	139.7455040	2	4	2
#
0	1	1.0
#
Line:			Ocha-Ogawa-Awaji
Color:			0.0 0.0 0.0
Shin-\Ochanomizu	35.6980870	139.7660200	2	4	2
Ogawamachi		35.697518	139.766091	3	4	1
Awajicho		35.6954340	139.7675750	2	3	1
#
0	1	1.0
1       2       1.0
#
Line:			Yurakucho
Color:			255.0 204.0 0.0
Wakoshi			35.7885100	139.6123930	2	3	1
Chikatetsu-\Narimasu	35.7765540	139.6315030	2	4	2
Chikatetsu-\Akatsuka	35.7699640	139.6440210	2	4	2
Heiwadai		35.7578740	139.6537700	2	3	1
Hikawadai		35.7498220	139.6650230	2	4	1
Kotake-\Mukaihara	35.743803	139.678572	2	4	2
Senkawa			35.7384190	139.6891560	2	3	1
Kanamecho		35.7332320	139.6987160	2	4	1
Ikebukuro		35.7289290	139.7103800	3	3	1
Higashi-\Ikebukuro	35.7256960	139.7195070	1	3	2
Gokokuji		35.7190430	139.7275410	1	3	1
Edogawabashi		35.7095300	139.7334850	1	5	1
Iidabashi		35.7020680	139.7450120	2	3	1
Ichigaya		35.6910090	139.7355850	2	3	1
Kojimachi		35.6840090	139.7376140	1	3	1
Nagatacho2		35.6787670	139.7402580	2	4	1
Sakuradamon		35.6773680	139.7517590	1	5	1
Dummystation-06                 35.6767430      139.7602220     0       4       2
Yurakucho		35.6750690	139.7633270	2	4	1
Dummystation-05                 35.6747430      139.7652220     0       4       2
Ginza-\Itchome		35.6743440	139.7670860	1	3	2
Dummystation-03                 35.6727430      139.7702220     0       4       2
Dummystation-13                 35.670870       139.771555      0       3       1
Shintomicho		35.6704620	139.7737140	1	4	1
Dummystation-04                 35.6687430      139.7752220     0       4       2
Tsukishima		35.6648630	139.7842820	2	4	1
Toyosu			35.6548930	139.796210	2	3	1
Tatsumi			35.6455790	139.8105680	1	3	1
Shin-Kiba		35.6461570	139.8274250	2	3	1
#
0	1	3.0
1	2	2.0
2	3	3.0
3	4	2.0
4	5	2.0
5	6	2.0
6	7	2.0
7	8	2.0
8	9	3.0
9	10	2.0
10	11	2.0
11	12	3.0
12	13	2.0
13	14	2.0
14	15	2.0
15	16	2.0
16	17	1.0
17	18	2.0
18	19	2.0	
19	20	2.0	
20	21	2.0	
21	22	2.0
22	23	3.0
23      24      2.0
24      25      2.0
25      26      2.0
26      27      2.0
27      28      1.0
#
Line:                   Yurakucho-Hibiya
Color:                  0.0 0.0 0.0
Yurakucho		35.6750690	139.7633270	2	4	1
Hibiya			35.6751140	139.7597650	2	2	1
#
0       1       1.0
#
Line:                   Nagatacho-AkasakaMisuke
Color:                  0.0 0.0 0.0
Nagatacho1		35.6787570	139.7402580	2	4	1
Akasaka-\Mitsuke	35.6770320	139.7370470	2	3	2
#
0       1       1.0
#
Line:			Hanzomon
Color:			153.0 153.0 255.0
Shibuya			35.6586500	139.7013170	3	3	1
Omote-Sando		35.6652460	139.7123110	2	5	1
Aoyama-\Itchome		35.6727650	139.7241590	2	3	2
Dummystation-08                 35.6787430      139.7312220     0       4       2
Nagatacho1		35.6787570	139.7402580	2	4	1
Nagatacho2		35.6787670	139.7402580	2	4	1
Hanzomon		35.6857030	139.7416440	1	4	1
Kudanshita		35.6955890	139.7519480	2	4	1
Jimbocho		35.6964680	139.7573090	2	3	1
Otemachi1		35.6848010	139.7660850	3	3	1
Otemachi2		35.6848010	139.7660860	3	3	1
Mitsukoshimae		35.6848880	139.7731610	2	5	1
Dummystation-22                 35.684055       139.77855       0       3       1
Dummystation-07                 35.6837430      139.7802220     0       4       2
Suitengumae		35.6820660	139.7860120	1	5	1
Kiyosumi-\Shirakawa	35.6822590	139.7994510	2	4	2
Sumiyoshi		35.6890710	139.8156510	2	4	1
Kinshicho		35.6962880	139.8139830	2	3	1
Oshiage			35.7107020	139.8129350	2	3	1
#
0	1	2.0
1	2	2.0
2	3	3.0
3	4	2.0
4	5	2.0
5	6	1.0
6	7	3.0
7	8	2.0
8	9	2.0
9	10	3.0
10	11	3.0
11	12	3.0
12	13	2.0
13	14	2.0
14	15	2.0
15      16      2.0
16      17      2.0
17      18      2.0
#
Line:                   Nagatacho-connection
Color:                  0.0 0.0 0.0
Nagatacho1		35.6787570	139.7402580	2	4	1
Nagatacho2		35.6787670	139.7402580	2	4	1
#
0       1       1.0
#
Line:			Namboku
Color:			51.0 153.0 153.0
Meguro			35.6340010	139.7158230	2	3	1
Shirokanedai		35.6379190	139.7261350	2	5	1
Shirokane-\Takanawa	35.6429050	139.7341030	2	4	2
Azabu-\Juban		35.6546820	139.7370510	2	2	2
Dummystation-09                 35.6607430      139.7382220     0       4       2
Roppongi-\Itchome	35.6655960	139.7390020	1	4	2
Tameike-\Sanno		35.6736240	139.7414200	2	3	2
Dummystation-11                 35.6747430      139.7408220     0       4       2
Dummystation-12                 35.6767430      139.7408220     0       4       2
Nagatacho1		35.6787570	139.7402580	2	4	1
Yotsuya			35.6860130	139.7306650	2	3	1
Ichigaya		35.6910090	139.7355850	2	3	1
Iidabashi		35.7020680	139.7450120	2	3	1
Korakuen		35.7073390	139.7511990	2	3	1
Dummystation-25                 35.710222       139.750555      0       3       1
Dummystation-18                 35.713555       139.752755      0       3       1
Todaimae		35.7176340	139.7580260	1	3	1
Hon-Komagome		35.7241600	139.7538270	1	6	1
Komagome		35.7364920	139.7468750	2	4	1
Nishigahara		35.7459050	139.7423040	1	4	1
Oji			35.7524760	139.7381450	2	1	1
Oji-\Kamiya		35.7651720	139.7359330	1	3	2
Shimo			35.7779490	139.7326030	1	2	1
Akabane-\Iwabuchi	35.783417	139.722104	2	3	2
#
0	1	2.0
1	2	2.0
2	3	3.0
3	4	2.0
4	5	2.0
5	6	2.0
6	7	2.0
7	8	2.0
8	9	2.0
9	10	2.0
10	11	3.0
11	12	2.0
12	13	2.0
13	14	2.0
14	15	2.0
15	16	3.0
16	17	2.0
17	18	2.0
18	19	2.0
19	20	2.0
20	21	2.0
21      22      2.0
22      23      2.0
#
Line:			Fukutoshin
Color:			153.0 102.0 51.0
Wakoshi			35.7885100	139.6123930	2	3	1
Chikatetsu-\Narimasu	35.7765540	139.6315030	2	4	2
Chikatetsu-\Akatsuka	35.7699640	139.6440210	2	4	2
Heiwadai		35.7578740	139.6537700	2	3	1
Hikawadai		35.7498220	139.6650230	2	4	1
Kotake-\Mukaihara	35.743803	139.678572	2	4	2
Senkawa			35.7384190	139.6891560	2	3	1
Kanamecho		35.7332320	139.6987160	2	4	1
Ikebukuro		35.7289290	139.7103800	3	4	1
Zoshigaya		35.7201610	139.7147870	1	3	1
Dummystation-10                 35.7137430      139.7112220     0       4       2
Nishi-\Waseda		35.7079420	139.7090930	1	3	2
Higashi-\Shinjuku	35.6979230	139.7075520	2	3	2
Shinjuku-\Sanchome	35.6906150	139.7062730	2	4	2
Dummystation-29                 35.681855       139.705855      0       3       1
Kita-Sando		35.6781580	139.7056780	1	4	1
Meiji-\Jingumae		35.6684480	139.7053670	2	3	2
Shibuya			35.6586500	139.7013170	3	3	1
#
0	1	3.00
1	2	2.00
2	3	3.00
3	4	2.00
4	5	2.00
5	6	2.00
6	7	2.00
7	8	2.00
8	9	2.00
9	10	2.00
10	11	2.00
11	12	2.00
12	13	2.00
13	14	2.00
14	15	2.00
15	16	2.00
16      17      2.00
#
Line:			Toei-Asakusa
Color:			238.0 85.0 136.0
Nishi-\Magome		35.587747	139.706047	1	3	2
Magome			35.597204	139.71184	1	3	1
Nakanobu		35.60594	139.713732	2	4	1
Togoshi			35.61522	139.716371	1	3	1
Gotanda			35.626558	139.723388	2	3	1
Takanawadai		35.632441	139.730465	1	5	1
Sengakuji		35.639452	139.740121	2	4	1
Mita			35.648868	139.748876	2	2	1
Daimon			35.657197	139.754673	2	3	1
Shimbashi		35.666268	139.759777	3	4	1
Higashi-\Ginza		35.669871	139.767269	2	3	2
Dummystation-13                 35.670870       139.771555      0       3       1
Takaracho		35.675867	139.771711	1	4	1
Nihombashi		35.6824130	139.7739190	2	4	1
Dummystation-22                 35.684055       139.77855       0       3       1
Ningyocho		35.6863070	139.7822840	2	4	1
Dummystation-20                 35.69055        139.78555       0       3       1
Higashi-\Nihombashi	35.692599	139.784886	2	4	2
Asakusabashi		35.69781	139.786044	2	5	1
Kuramae			35.704123	139.791148	2	3	1
Asakusa			35.7121220	139.7984300	3	3	1
Honjo-\Azumabashi	35.709315	139.804795	1	4	2
Oshiage			35.711336	139.813249	2	3	1
#
0	1	2.00
1	2	2.00
2	3	2.00
3	4	2.00
4	5	2.00
5	6	2.00
6	7	3.00
7	8	2.00
8	9	2.00
9	10	2.00
10	11	1.00
11	12	2.00
12	13	2.00
13	14	1.00
14	15	2.00
15	16	1.00
16	17	2.00
17	18	2.00
18	19	1.00
19      20      1.00
20      21      1.00
21      22      1.00
#
Line:			Toei-Mita
Color:			0.0 119.0 187.0
Meguro			35.6340010	139.7158230	2	3	1
Shirokanedai		35.6379190	139.7261350	2	5	1
Shirokane-\Takanawa	35.6429050	139.7341030	2	4	2
Mita			35.648868	139.748876	2	2	1
Shibakoen		35.65446	139.749824	1	4	1
Dummystation-26                 35.656555       139.749555      0       3       1
Onarimon		35.661712	139.751562	1	4	1
Dummystation-14                 35.666111       139.753555      0       3       1
Uchisaiwaicho		35.670185	139.755596	1	5	1
Dummystation-15                 35.671511       139.756555      0       3       1
Dummystation-16                 35.673011       139.757555      0       3       1
Hibiya			35.6751140	139.7597650	2	2	1
Dummystation-06                 35.6767430      139.7602220     0       4       2
Nijubashimae		35.6803690	139.7616160	1	5	1
Otemachi1		35.6848010	139.7660850	3	3	1
Jimbocho		35.6964680	139.7573090	2	3	1
Suidobashi		35.702427	139.753729	2	4	1
Dummystation-17                 35.706855       139.753622      0       3       1
Kasuga			35.710604	139.753425	2	3	1
Dummystation-18                 35.716555       139.752755      0       3       1
Hakusan			35.722242	139.752138	1	3	1
Sengoku			35.728618	139.744971	1	3	1
Sugamo			35.734261	139.739478	2	3	1
Nishi-\Sugamo		35.744398	139.728749	1	3	2
Shin-Itabashi		35.749692	139.719608	2	5	1
Itabashi-\Kuyakushomae	35.751956	139.710295	1	5	2
Itabashihoncho		35.762369	139.70566	1	5	1
Motohasunuma		35.769368	139.702442	1	5	1
Shimura-\Sakaue		35.776645	139.695489	1	3	2
Shimura-\Sanchome	35.778421	139.686091	1	4	2
Hasune			35.785036	139.67901	1	3	1
Nishidai		35.787786	139.674118	1	3	1
Takashimadaira		35.789631	139.661286	1	5	1
Shin-Takashimadaira	35.79173	139.654069	1	7	1
Nishi-Takashimadaira	35.79354	139.646087	1	7	1
#
0	1	2.00
1	2	3.00
2	3	3.00
3	4	2.00
4	5	1.00
5	6	2.00
6	7	2.00
7	8	2.00
8	9	3.00
9	10	1.00
10	11	2.00
11	12	2.00
12	13	2.00
13	14	2.00
14	15	2.00
15	16	2.00
16	17	2.00
17	18	2.00
18	19	1.00
19	20	2.00
20	21	2.00
21	22	2.00
22	23	2.00
23	24	2.00
24	25	1.00
25	26	2.00
26      27      1.00
27      28      1.00
28      29      1.00
29      30      1.00
30      31      1.00
31      32      1.00
32      33      1.00
33      34      1.00
#
Line:			Toei-Shinjuku
Color:			102.0 187.0 85.0
Shinjuku		35.6909220	139.7002580	3	3	1
Shinjuku-\Sanchome	35.6906150	139.7062730	2	4	2
Akebonobashi		35.690814	139.726267	1	5	1
Ichigaya		35.6910090	139.7355850	2	3	1
Kudanshita		35.6955890	139.7519480	2	4	1
Jimbocho		35.6964680	139.7573090	2	3	1
Shin-\Ochanomizu        35.6980870      139.7660200     2       4       2
Ogawamachi		35.697518	139.766091	3	4	1
Awajicho                35.6954340      139.7675750     2       3       1
Dummystation-19                 35.695855       139.769555      0       3       1
Iwamotocho		35.69605	139.772981	1	4	1
Dummystation-21                 35.69455        139.77655       0       3       1
Bakuroyokoyama		35.692198	139.782783	2	6	1
Dummystation-20                 35.69055        139.78555       0       3       1
Hamacho			35.688782	139.788254	1	3	1
Morishita		35.688068	139.797095	2	3	1
Kikukawa		35.688509	139.806039	1	3	1
Sumiyoshi		35.6890710	139.8156510	2	4	1
Nishi-\Ojima		35.689579	139.826002	1	2	2
Ojima			35.690147	139.83578	1	2	1
Higashi-\Ojima		35.691761	139.846158	1	3	2
Funabori		35.684162	139.86444	1	3	1
Ichinoe			35.687718	139.882894	1	2	1
Mizue			35.693782	139.897656	1	2	1
Shinozaki		35.706398	139.90375	1	3	1
Motoyawata		35.720894	139.927526	2	4	1
#
0	1	1.00
1	2	2.00
2	3	3.00
3	4	2.00
4	5	2.00
5	6	2.00
6	7	1.00
7	8	2.00
8	9	1.00
9	10	2.00
10	11	1.00
11	12	2.00
12	13	2.00
13	14	1.00
14	15	2.00
15	16	3.00
16	17	2.00
17	18	3.00
18	19	2.00
19	20	4.00
20      21      4.00
21      22      4.00
22      23      4.00
23      24      4.00
24      25      4.00
#
Line:			Toei-Oedo
Color:			204.0 0.0 119.0
Shinjuku-\Nishiguchi	        35.69368	139.699248	1	4	2
Higashi-\Shinjuku	        35.6979230	139.7075520	2	3	2
Wakamatsu-\Kawada	        35.69936	139.718195	1	4	2
Ushigome-\Yanagicho	        35.69957	139.72504	1	4	2
Ushigome-\Kagurazaka	        35.700911	139.735833	1	4	2
Iidabashi		        35.7020680	139.7450120	2	3	1
Dummystation-24                         35.710222       139.747555      0       3       1
Dummystation-25                         35.710222       139.750555      0       3       1
Kasuga			        35.710604	139.753425	2	3	1
Hongo-\Sanchome		        35.7066720	139.7599160	2	4	2
Dummystation-27                 35.711855       139.7659555     0       3       1
Ueno-\Hirokoji		        35.7076610	139.7729760	2	3	2
Ueno-\Okachimachi	        35.707951	139.774178	2	4	2
Naka-\Okachimachi	        35.7065560	139.7762010	2	4	2
Shin-\Okachimachi               35.707097	139.781753	2	4	2
Kuramae			        35.704123	139.791148	2	3	1
Ryogoku			        35.696909	139.797328	2	3	1
Morishita		        35.688068	139.797095	2	3	1
Kiyosumi-\Shirakawa	        35.6822590	139.7994510	2	4	2
Monzen-\Nakacho		        35.6719860	139.7957870	2	3	2
Tsukishima		        35.6648630	139.7842820	2	4	1
Kachidoki		        35.658562	139.776514	1	3	1
Tsukijishijo		        35.664938	139.766947	1	4	1
Shiodome		        35.662758	139.759673	2	3	1
Daimon			        35.657197	139.754673	2	3	1
Dummystation-26                         35.656555       139.749555      0       3       1
Akabanebashi		        35.655105	139.743601	1	5	1
Azabu-\Juban		        35.6546820	139.7370510	2	2	2
Roppongi		        35.6628380	139.7314430	3	3	1
Dummystation-28                         35.6686855      139.728555      0       3       1
Aoyama-\Itchome		        35.6727650	139.7241590	2	3	2
Kokuritsu-\Kyogijo	        35.680108	139.714115	1	3	2
Dummystation-29                         35.681855       139.705855      0       3       1
Yoyogi			        35.683211	139.701626	2	3	1
Shinjuku		        35.6909220	139.7002580	3	3	1
Tochomae		        35.69063	139.692639	2	4	1
Nishi-\Shinjuku-\Gochome	35.689938	139.684289	1	3	3
Nakano-\Sakaue		        35.6979210	139.6829090	2	3	2
Higashi-\Nakano		        35.706492	139.685447	2	3	2
Dummystation-23                         35.7105555      139.6845555     0       3       1
Nakai			        35.715134	139.686863	2	2	1
Ochiai-\Minami-\Nagasaki	35.723681	139.683423	1	3	3
Shin-Egota		        35.732694	139.670684	1	4	1
Nerima			        35.737989	139.653218	2	3	1
Toshimaen		        35.742134	139.64884	1	4	1
Nerima-\Kasugacho	        35.75119	139.641073	1	4	2
Hikarigaoka		        35.758653	139.628406	1	4	1
#
0	1	2.0
1	2	2.0
2	3	1.0
3	4	2.0
4	5	2.0
5	6	2.0
6	7	1.0
7	8	2.0
8	9	1.0
9	10	1.0
10	11	2.0
11	12	1.0
12	13	1.0
13	14	2.0
14	15	2.0
15	16	1.0
16	17	2.0
17	18	2.0
18	19	2.0
19	20	3.0
20	21	1.0
21	22	2.0
22	23	2.0
23	24	2.0
24	25	3.0
25	26	2.0
26	27	2.0
27	28	2.0
28	29	3.0
29	30	2.0
30	31	1.0	
31	32	3.0
32	33	2.0
33	34	3.0
34	35	2.0
35	36	3.0
36	37	2.0
37      38      2.0
38      39      2.0
39      40      2.0
40      41      2.0
41      42      2.0
42      43      2.0
43      44      2.0
44      45      2.0
45      46      2.0
#
Line:			Toei-Oedo-branch1
Color:			204.0 0.0 119.0
Shinjuku-\Nishiguchi	35.69368	139.699248	1	4	2
Dummystation-30                 35.69305        139.698255      0       3       1
Tochomae		35.69063	139.692639	2	4	1
#
0       1       1.0
1       2       1.0
#
Line:			Korakuen-Kasuga
Color:			0.0 0.0 0.0
Korakuen		35.7073390	139.7511990	2	3	1
Kasuga			35.710604	139.753425	2	3	1
#
0       1       1.0
#
Line:			UenoHirokoji-UenoOkachimachi-NakaOkachimachi
Color:			0.0 0.0 0.0
Ueno-\Hirokoji		35.7076610	139.7729760	2	3	2
Ueno-\Okachimachi	35.707951	139.774178	2	4	2
Naka-\Okachimachi	35.7065560	139.7762010	2	4	2
#
0       1       1.0
1       2       1.0
#
End
